15 13 174 14
1 1 2 3 0 5 4 3 4 4 3 5 0 
4 4 4 0 2 1 3 5 5 1 0 3 2 
1 2 1 2 5 1 1 0 5 0 4 4 3 
3 1 3 3 4 0 5 1 2 2 5 0 0 
2 4 3 1 4 2 2 0 3 3 5 5 4 
5 5 0 0 4 4 3 0 3 5 4 4 3 
1 0 3 4 1 4 2 5 3 2 2 5 5 
5 0 0 4 5 5 2 4 4 1 5 3 5 
3 1 5 3 4 1 0 5 2 4 0 0 3 
2 2 3 4 0 2 4 2 5 0 1 0 2 
5 1 4 3 0 4 0 3 1 1 3 0 1 
1 2 5 0 5 1 3 2 3 4 2 2 5 
2 2 0 3 4 2 0 1 1 2 1 4 3 
3 5 4 2 0 3 2 1 0 0 1 2 0 
1 4 5 4 5 3 0 2 0 3 5 1 2 
9 3
7 8
0 10
6 5
13 5
14 2
10 7
8 0
4 10
7 2
5 9
9 0
12 5
2 9
10 10
4 11
0 4
12 2
2 10
6 0
13 7
0 7
9 12
10 2
13 12
2 8
0 5
6 10
7 10
12 3
0 11
2 11
0 12
13 4
4 8
3 2
3 0
11 9
11 2
6 7
3 4
4 2
2 3
2 12
8 2
8 11
5 7
10 5
6 11
8 3
7 5
13 2
5 10
1 9
3 9
6 1
13 8
9 11
1 10
5 1
9 7
0 6
8 9
1 7
14 4
4 7
10 4
12 11
12 4
2 6
14 11
5 4
7 4
1 0
2 2
12 8
11 5
4 12
5 2
6 8
4 0
9 9
14 1
9 10
9 6
0 1
2 1
14 9
11 11
10 6
11 4
3 12
13 9
10 11
3 8
8 5
0 0
7 0
11 3
6 12
8 12
13 11
9 5
1 5
2 5
14 10
10 3
4 3
14 0
5 6
7 6
12 9
10 12
2 0
5 8
3 5
7 3
12 6
1 11
5 11
13 6
11 12
0 9
1 8
11 6
1 6
13 1
11 0
14 12
3 11
9 2
6 6
2 4
5 12
9 4
7 9
7 7
4 9
1 3
7 12
7 1
14 5
3 3
6 4
6 2
3 10
8 7
1 12
12 0
3 6
14 8
8 1
11 8
4 5
4 6
8 10
1 1
11 7
5 0
1 4
10 1
0 3
10 0
13 10
8 6
8 8
4 1
0 8
5 5
7 11
1 2
11 1
5 3
8 4
3
7
1
3
7
3
9
7
10
5
2
9
3
2
10 3 0
