6 15 86 2
0 4 2 2 0 4 4 5 4 0 4 3 4 2 4 
5 3 3 1 3 1 0 1 3 3 2 0 5 2 2 
5 2 4 3 2 3 5 4 5 1 5 0 0 3 5 
0 3 0 5 0 4 5 0 5 5 0 0 4 5 1 
3 3 0 3 1 4 1 1 3 1 3 0 1 3 5 
1 4 1 5 5 2 3 2 2 4 0 0 2 0 2 
4 9
1 13
1 0
2 3
3 4
5 2
0 3
5 10
2 7
2 12
0 8
1 11
3 1
0 14
2 11
0 6
1 10
2 13
1 14
3 0
5 4
3 2
1 9
5 7
0 9
0 12
4 8
2 2
1 12
1 5
4 11
3 14
2 6
2 10
4 1
2 1
3 10
4 5
1 3
1 1
0 4
3 13
0 2
2 4
2 0
3 11
0 13
3 9
4 0
0 5
4 2
5 14
4 3
3 12
5 3
1 6
5 5
1 8
1 7
4 6
2 8
4 14
4 10
5 1
4 12
1 2
5 8
2 9
2 14
0 10
4 4
1 4
4 13
5 13
5 9
0 7
0 1
3 8
3 6
3 3
0 0
3 5
2 5
4 7
5 6
0 11
6
8
4 0 0
