16 16 202 9
5 4 3 1 0 4 2 3 4 2 1 2 3 3 1 5 
2 1 3 3 5 1 5 1 1 1 0 0 1 4 1 2 
0 0 1 2 5 1 3 2 0 0 2 1 1 4 0 1 
3 0 2 0 4 1 5 5 3 5 4 1 1 4 1 3 
1 4 1 1 2 5 3 1 4 0 3 1 3 0 0 5 
4 5 5 1 4 2 4 3 5 2 2 0 2 1 4 1 
0 5 3 4 0 5 3 2 4 3 5 0 2 3 4 5 
3 2 5 3 5 4 1 1 1 0 4 5 2 1 0 3 
4 1 3 4 3 1 0 4 4 3 5 1 4 3 1 1 
3 1 2 0 4 2 4 3 1 2 3 0 4 2 3 3 
5 3 5 3 5 1 3 2 1 4 1 4 1 1 3 0 
0 3 2 4 1 3 1 1 3 4 1 1 4 2 3 3 
4 0 5 0 2 2 1 4 1 3 0 4 0 2 3 5 
0 3 5 1 1 3 4 2 0 5 0 3 4 0 2 1 
2 3 0 1 5 4 2 0 2 5 4 2 2 4 3 3 
2 2 3 0 0 4 5 5 4 1 0 0 5 0 5 4 
6 12
2 10
4 10
0 1
12 5
12 6
13 7
6 3
6 10
8 6
5 15
0 8
4 9
1 0
11 11
13 6
6 2
10 4
4 3
10 12
11 13
5 12
11 2
7 7
6 15
9 1
11 5
11 0
15 10
12 8
10 2
6 14
3 7
10 5
7 13
1 13
0 9
2 3
9 7
14 9
15 12
13 2
5 3
7 5
3 13
12 13
7 8
9 9
5 14
11 3
14 10
2 12
2 5
9 13
4 14
13 13
4 7
15 0
9 11
11 9
14 14
8 13
7 9
8 7
15 11
5 5
3 15
15 13
2 6
10 15
4 12
7 3
5 10
13 15
12 12
10 14
2 8
9 2
14 8
14 5
12 0
12 15
3 10
6 1
11 14
15 15
14 3
11 12
8 3
10 11
5 1
1 7
11 8
4 13
11 10
7 14
0 4
8 11
9 5
4 1
0 11
8 4
9 8
4 15
4 11
14 0
4 0
3 11
1 10
2 7
13 3
12 4
2 1
9 0
8 9
7 10
0 7
3 9
4 8
12 2
6 5
8 15
10 13
13 14
14 11
3 1
0 5
1 8
2 11
4 4
3 2
12 11
1 1
10 8
3 4
15 1
2 14
15 3
9 10
5 11
11 7
10 9
1 5
2 9
7 0
12 9
6 6
14 7
13 12
1 4
13 1
6 7
7 11
3 3
3 14
8 12
6 13
0 3
1 12
7 12
0 6
4 6
2 0
6 0
2 15
13 9
7 1
14 6
12 14
15 4
14 12
13 8
14 15
0 13
14 1
13 10
12 1
7 6
12 10
5 9
15 6
5 2
7 4
8 5
11 15
14 13
9 3
1 15
5 0
3 6
8 14
5 8
13 4
2 13
1 14
5 13
10 3
6 9
15 5
3 0
13 5
9 6
4
5
10
1
9
10
10
10
9
8 10 1
