14 8 59 11
1 0 1 1 1 2 1 4 
1 3 2 2 4 3 0 2 
1 3 5 1 3 0 2 5 
2 4 0 1 3 0 5 4 
2 3 2 0 4 3 2 3 
0 5 1 2 5 3 0 1 
1 5 0 5 2 5 1 0 
2 2 2 5 3 5 0 2 
5 0 3 1 3 2 3 4 
1 2 3 0 0 4 0 4 
1 2 3 0 0 5 4 4 
5 4 2 5 4 2 4 3 
2 2 2 0 0 1 1 1 
3 4 5 2 2 1 3 5 
13 1
3 2
5 0
0 1
10 4
2 5
13 2
2 2
5 6
0 2
3 3
13 6
10 6
9 4
12 6
11 4
4 2
7 3
12 7
0 3
8 2
1 2
7 0
11 3
7 5
3 0
5 1
7 6
4 0
3 5
6 7
11 6
9 7
7 1
13 7
8 5
3 1
9 5
0 4
13 4
1 6
1 5
12 2
11 7
9 1
11 5
4 5
0 6
6 4
10 3
8 4
12 4
4 1
6 3
8 0
0 5
13 3
9 6
10 5
9
7
8
9
7
2
7
1
6
2
2
5 7 3
