7 15 103 14
5 1 5 2 5 1 3 4 5 4 2 5 1 0 2 
5 2 0 3 0 4 2 0 3 1 2 5 4 0 5 
3 0 0 0 5 4 0 5 5 3 4 0 0 2 4 
3 5 4 1 0 2 5 0 3 3 2 2 5 1 4 
4 3 4 5 0 2 0 2 2 5 0 5 1 3 0 
1 0 1 3 3 0 1 1 4 1 3 5 5 2 4 
0 1 0 1 0 0 2 2 4 5 0 3 2 2 2 
5 10
1 10
1 4
5 11
1 3
0 5
1 11
2 7
6 2
0 11
6 7
4 11
5 1
1 9
4 10
3 1
4 12
2 8
4 3
1 8
0 13
5 7
5 14
3 6
1 14
1 13
5 2
6 6
3 7
3 3
2 4
5 4
6 14
4 14
3 2
3 13
3 12
1 2
5 3
5 6
6 11
6 10
4 6
2 0
2 1
5 13
4 9
5 5
3 8
2 12
6 4
0 14
0 0
3 10
1 6
3 11
4 8
2 13
0 8
5 0
0 9
0 4
5 8
6 0
4 7
4 1
3 5
1 5
0 6
5 9
0 10
4 13
5 12
0 3
2 6
2 11
3 9
2 5
6 5
4 2
0 7
4 0
0 1
0 12
3 14
1 1
2 10
0 2
2 2
2 14
4 4
3 4
2 9
6 12
2 3
6 1
6 3
3 0
1 7
1 12
1 0
6 9
4 5
1
9
10
2
2
6
4
8
3
6
5
10
2
2
4 1 3
