15 15 113 1
2 5 4 4 4 0 1 4 1 1 2 0 2 3 5 
2 5 1 1 4 2 0 5 2 0 4 5 3 0 1 
0 2 2 0 3 0 2 3 3 0 5 5 1 3 5 
1 1 5 2 3 1 4 3 0 1 0 1 1 3 1 
5 0 1 2 0 0 1 3 3 2 5 4 4 2 5 
3 0 5 5 2 4 4 1 5 4 1 2 1 2 5 
5 5 5 0 3 1 1 0 0 5 3 1 0 4 5 
3 5 2 0 2 2 1 1 0 0 1 4 4 5 1 
0 5 3 0 5 0 0 1 4 2 2 0 0 5 3 
2 3 4 2 4 5 1 5 2 1 4 5 5 5 3 
0 1 2 4 3 5 3 0 4 0 2 5 2 0 1 
5 2 2 2 1 2 0 5 5 3 2 4 2 0 1 
4 3 5 1 5 4 1 5 4 5 3 2 5 0 4 
1 4 5 4 1 4 4 1 1 4 1 3 1 0 0 
4 3 5 1 3 3 5 1 4 0 3 2 0 1 1 
14 1
1 10
12 7
14 4
13 10
3 5
0 13
9 12
6 13
6 0
11 3
13 3
6 1
5 8
5 2
7 11
12 0
7 14
10 2
0 10
0 12
5 7
9 8
7 12
4 2
6 3
14 13
3 14
8 12
9 7
8 8
2 9
4 6
4 0
14 5
7 9
10 10
8 10
5 12
9 0
3 13
10 8
13 11
1 14
14 6
13 13
1 7
1 2
7 7
8 14
13 5
5 3
13 6
2 4
10 11
13 14
8 5
11 5
11 2
13 7
14 14
14 0
10 3
5 13
10 14
1 4
2 11
8 7
4 14
11 9
12 13
14 11
1 11
9 13
9 14
3 11
9 3
5 0
3 4
8 11
0 9
4 7
13 1
8 3
3 6
6 8
6 7
1 3
7 2
6 5
5 9
14 9
12 10
1 9
5 4
3 0
14 7
10 1
12 8
5 5
6 6
13 12
5 11
1 6
10 0
12 3
0 5
2 1
9 4
4 10
3 3
5 14
6 10
3
7 10 1
