|-10
|   |-38
|   |   |-48
|   |   |   |-77
|   |   |   |   |-86
|   |   |   |   |   |-98
|   |   |   |   |   |   |-100
|   |   |   |   |   |   |   |-85
|   |   |   |   |   |   |   |   |-60
|   |   |   |   |   |   |   |   |   |-72
|   |   |   |   |   |   |   |   |   |   |-92
|   |   |   |   |   |   |   |   |   |   |-52
|   |   |   |   |   |   |   |   |   |-48
|   |   |   |   |   |   |   |   |   |   |-68
|   |   |   |   |   |   |   |   |   |   |-28
|   |   |   |   |   |   |-96
|   |   |   |   |   |   |   |-81
|   |   |   |   |   |   |   |   |-56
|   |   |   |   |   |   |   |   |   |-68
|   |   |   |   |   |   |   |   |   |   |-88
|   |   |   |   |   |   |   |   |   |   |-48
|   |   |   |   |   |   |   |   |   |-44
|   |   |   |   |   |   |   |   |   |   |-64
|   |   |   |   |   |   |   |   |   |   |-24
|   |   |   |   |   |-74
|   |   |   |   |   |   |-76
|   |   |   |   |   |   |   |-91
|   |   |   |   |   |   |   |   |-66
|   |   |   |   |   |   |   |   |   |-78
|   |   |   |   |   |   |   |   |   |   |-98
|   |   |   |   |   |   |   |   |   |   |-58
|   |   |   |   |   |   |   |   |   |-54
|   |   |   |   |   |   |   |   |   |   |-74
|   |   |   |   |   |   |   |   |   |   |-34
|   |   |   |   |   |   |   |-61
|   |   |   |   |   |   |   |   |-86
|   |   |   |   |   |   |   |   |   |-98
|   |   |   |   |   |   |   |   |   |   |-78
|   |   |   |   |   |   |   |   |   |-74
|   |   |   |   |   |   |   |   |   |   |-94
|   |   |   |   |   |   |   |   |   |   |-54
|   |   |   |   |   |   |   |   |-36
|   |   |   |   |   |   |   |   |   |-48
|   |   |   |   |   |   |   |   |   |   |-68
|   |   |   |   |   |   |   |   |   |   |-28
|   |   |   |   |   |   |   |   |   |-24
|   |   |   |   |   |   |   |   |   |   |-44
|   |   |   |   |   |   |   |   |   |   |-4
|   |   |   |   |   |   |-72
|   |   |   |   |   |   |   |-87
|   |   |   |   |   |   |   |   |-62
|   |   |   |   |   |   |   |   |   |-74
|   |   |   |   |   |   |   |   |   |   |-94
|   |   |   |   |   |   |   |   |   |   |-54
|   |   |   |   |   |   |   |   |   |-50
|   |   |   |   |   |   |   |   |   |   |-70
|   |   |   |   |   |   |   |   |   |   |-30
|   |   |   |   |   |   |   |-57
|   |   |   |   |   |   |   |   |-82
|   |   |   |   |   |   |   |   |   |-94
|   |   |   |   |   |   |   |   |   |   |-74
|   |   |   |   |   |   |   |   |   |-70
|   |   |   |   |   |   |   |   |   |   |-90
|   |   |   |   |   |   |   |   |   |   |-50
|   |   |   |   |   |   |   |   |-32
|   |   |   |   |   |   |   |   |   |-44
|   |   |   |   |   |   |   |   |   |   |-64
|   |   |   |   |   |   |   |   |   |   |-24
|   |   |   |   |   |   |   |   |   |-20
|   |   |   |   |   |   |   |   |   |   |-40
|   |   |   |   |   |   |   |   |   |   |-0
|   |   |   |   |-68
|   |   |   |   |   |-80
|   |   |   |   |   |   |-82
|   |   |   |   |   |   |   |-97
|   |   |   |   |   |   |   |   |-72
|   |   |   |   |   |   |   |   |   |-84
|   |   |   |   |   |   |   |   |   |   |-64
|   |   |   |   |   |   |   |   |   |-60
|   |   |   |   |   |   |   |   |   |   |-80
|   |   |   |   |   |   |   |   |   |   |-40
|   |   |   |   |   |   |   |-67
|   |   |   |   |   |   |   |   |-92
|   |   |   |   |   |   |   |   |   |-80
|   |   |   |   |   |   |   |   |   |   |-100
|   |   |   |   |   |   |   |   |   |   |-60
|   |   |   |   |   |   |   |   |-42
|   |   |   |   |   |   |   |   |   |-54
|   |   |   |   |   |   |   |   |   |   |-74
|   |   |   |   |   |   |   |   |   |   |-34
|   |   |   |   |   |   |   |   |   |-30
|   |   |   |   |   |   |   |   |   |   |-50
|   |   |   |   |   |   |   |   |   |   |-10
|   |   |   |   |   |   |-78
|   |   |   |   |   |   |   |-93
|   |   |   |   |   |   |   |   |-68
|   |   |   |   |   |   |   |   |   |-80
|   |   |   |   |   |   |   |   |   |   |-100
|   |   |   |   |   |   |   |   |   |   |-60
|   |   |   |   |   |   |   |   |   |-56
|   |   |   |   |   |   |   |   |   |   |-76
|   |   |   |   |   |   |   |   |   |   |-36
|   |   |   |   |   |   |   |-63
|   |   |   |   |   |   |   |   |-88
|   |   |   |   |   |   |   |   |   |-100
|   |   |   |   |   |   |   |   |   |   |-80
|   |   |   |   |   |   |   |   |   |-76
|   |   |   |   |   |   |   |   |   |   |-96
|   |   |   |   |   |   |   |   |   |   |-56
|   |   |   |   |   |   |   |   |-38
|   |   |   |   |   |   |   |   |   |-50
|   |   |   |   |   |   |   |   |   |   |-70
|   |   |   |   |   |   |   |   |   |   |-30
|   |   |   |   |   |   |   |   |   |-26
|   |   |   |   |   |   |   |   |   |   |-46
|   |   |   |   |   |   |   |   |   |   |-6
|   |   |   |   |   |-56
|   |   |   |   |   |   |-58
|   |   |   |   |   |   |   |-73
|   |   |   |   |   |   |   |   |-98
|   |   |   |   |   |   |   |   |   |-86
|   |   |   |   |   |   |   |   |   |   |-66
|   |   |   |   |   |   |   |   |-48
|   |   |   |   |   |   |   |   |   |-60
|   |   |   |   |   |   |   |   |   |   |-80
|   |   |   |   |   |   |   |   |   |   |-40
|   |   |   |   |   |   |   |   |   |-36
|   |   |   |   |   |   |   |   |   |   |-56
|   |   |   |   |   |   |   |   |   |   |-16
|   |   |   |   |   |   |   |-43
|   |   |   |   |   |   |   |   |-68
|   |   |   |   |   |   |   |   |   |-80
|   |   |   |   |   |   |   |   |   |   |-100
|   |   |   |   |   |   |   |   |   |   |-60
|   |   |   |   |   |   |   |   |   |-56
|   |   |   |   |   |   |   |   |   |   |-76
|   |   |   |   |   |   |   |   |   |   |-36
|   |   |   |   |   |   |   |   |-18
|   |   |   |   |   |   |   |   |   |-30
|   |   |   |   |   |   |   |   |   |   |-50
|   |   |   |   |   |   |   |   |   |   |-10
|   |   |   |   |   |   |   |   |   |-6
|   |   |   |   |   |   |   |   |   |   |-26
|   |   |   |   |   |   |-54
|   |   |   |   |   |   |   |-69
|   |   |   |   |   |   |   |   |-94
|   |   |   |   |   |   |   |   |   |-82
|   |   |   |   |   |   |   |   |   |   |-62
|   |   |   |   |   |   |   |   |-44
|   |   |   |   |   |   |   |   |   |-56
|   |   |   |   |   |   |   |   |   |   |-76
|   |   |   |   |   |   |   |   |   |   |-36
|   |   |   |   |   |   |   |   |   |-32
|   |   |   |   |   |   |   |   |   |   |-52
|   |   |   |   |   |   |   |   |   |   |-12
|   |   |   |   |   |   |   |-39
|   |   |   |   |   |   |   |   |-64
|   |   |   |   |   |   |   |   |   |-76
|   |   |   |   |   |   |   |   |   |   |-96
|   |   |   |   |   |   |   |   |   |   |-56
|   |   |   |   |   |   |   |   |   |-52
|   |   |   |   |   |   |   |   |   |   |-72
|   |   |   |   |   |   |   |   |   |   |-32
|   |   |   |   |   |   |   |   |-14
|   |   |   |   |   |   |   |   |   |-26
|   |   |   |   |   |   |   |   |   |   |-46
|   |   |   |   |   |   |   |   |   |   |-6
|   |   |   |   |   |   |   |   |   |-2
|   |   |   |   |   |   |   |   |   |   |-22
|   |   |   |-19
|   |   |   |   |-28
|   |   |   |   |   |-40
|   |   |   |   |   |   |-42
|   |   |   |   |   |   |   |-57
|   |   |   |   |   |   |   |   |-82
|   |   |   |   |   |   |   |   |   |-94
|   |   |   |   |   |   |   |   |   |   |-74
|   |   |   |   |   |   |   |   |   |-70
|   |   |   |   |   |   |   |   |   |   |-90
|   |   |   |   |   |   |   |   |   |   |-50
|   |   |   |   |   |   |   |   |-32
|   |   |   |   |   |   |   |   |   |-44
|   |   |   |   |   |   |   |   |   |   |-64
|   |   |   |   |   |   |   |   |   |   |-24
|   |   |   |   |   |   |   |   |   |-20
|   |   |   |   |   |   |   |   |   |   |-40
|   |   |   |   |   |   |   |   |   |   |-0
|   |   |   |   |   |   |   |-27
|   |   |   |   |   |   |   |   |-52
|   |   |   |   |   |   |   |   |   |-64
|   |   |   |   |   |   |   |   |   |   |-84
|   |   |   |   |   |   |   |   |   |   |-44
|   |   |   |   |   |   |   |   |   |-40
|   |   |   |   |   |   |   |   |   |   |-60
|   |   |   |   |   |   |   |   |   |   |-20
|   |   |   |   |   |   |   |   |-2
|   |   |   |   |   |   |   |   |   |-14
|   |   |   |   |   |   |   |   |   |   |-34
|   |   |   |   |   |   |-38
|   |   |   |   |   |   |   |-53
|   |   |   |   |   |   |   |   |-78
|   |   |   |   |   |   |   |   |   |-90
|   |   |   |   |   |   |   |   |   |   |-70
|   |   |   |   |   |   |   |   |   |-66
|   |   |   |   |   |   |   |   |   |   |-86
|   |   |   |   |   |   |   |   |   |   |-46
|   |   |   |   |   |   |   |   |-28
|   |   |   |   |   |   |   |   |   |-40
|   |   |   |   |   |   |   |   |   |   |-60
|   |   |   |   |   |   |   |   |   |   |-20
|   |   |   |   |   |   |   |   |   |-16
|   |   |   |   |   |   |   |   |   |   |-36
|   |   |   |   |   |   |   |-23
|   |   |   |   |   |   |   |   |-48
|   |   |   |   |   |   |   |   |   |-60
|   |   |   |   |   |   |   |   |   |   |-80
|   |   |   |   |   |   |   |   |   |   |-40
|   |   |   |   |   |   |   |   |   |-36
|   |   |   |   |   |   |   |   |   |   |-56
|   |   |   |   |   |   |   |   |   |   |-16
|   |   |   |   |   |-16
|   |   |   |   |   |   |-18
|   |   |   |   |   |   |   |-33
|   |   |   |   |   |   |   |   |-58
|   |   |   |   |   |   |   |   |   |-70
|   |   |   |   |   |   |   |   |   |   |-90
|   |   |   |   |   |   |   |   |   |   |-50
|   |   |   |   |   |   |   |   |   |-46
|   |   |   |   |   |   |   |   |   |   |-66
|   |   |   |   |   |   |   |   |   |   |-26
|   |   |   |   |   |   |   |   |-8
|   |   |   |   |   |   |   |   |   |-20
|   |   |   |   |   |   |   |   |   |   |-40
|   |   |   |   |   |   |   |   |   |   |-0
|   |   |   |   |   |   |   |-3
|   |   |   |   |   |   |   |   |-28
|   |   |   |   |   |   |   |   |   |-40
|   |   |   |   |   |   |   |   |   |   |-60
|   |   |   |   |   |   |   |   |   |   |-20
|   |   |   |   |   |   |   |   |   |-16
|   |   |   |   |   |   |   |   |   |   |-36
|   |   |   |   |   |   |-14
|   |   |   |   |   |   |   |-29
|   |   |   |   |   |   |   |   |-54
|   |   |   |   |   |   |   |   |   |-66
|   |   |   |   |   |   |   |   |   |   |-86
|   |   |   |   |   |   |   |   |   |   |-46
|   |   |   |   |   |   |   |   |   |-42
|   |   |   |   |   |   |   |   |   |   |-62
|   |   |   |   |   |   |   |   |   |   |-22
|   |   |   |   |   |   |   |   |-4
|   |   |   |   |   |   |   |   |   |-16
|   |   |   |   |   |   |   |   |   |   |-36
|   |   |   |   |-10
|   |   |   |   |   |-22
|   |   |   |   |   |   |-24
|   |   |   |   |   |   |   |-39
|   |   |   |   |   |   |   |   |-64
|   |   |   |   |   |   |   |   |   |-76
|   |   |   |   |   |   |   |   |   |   |-96
|   |   |   |   |   |   |   |   |   |   |-56
|   |   |   |   |   |   |   |   |   |-52
|   |   |   |   |   |   |   |   |   |   |-72
|   |   |   |   |   |   |   |   |   |   |-32
|   |   |   |   |   |   |   |   |-14
|   |   |   |   |   |   |   |   |   |-26
|   |   |   |   |   |   |   |   |   |   |-46
|   |   |   |   |   |   |   |   |   |   |-6
|   |   |   |   |   |   |   |   |   |-2
|   |   |   |   |   |   |   |   |   |   |-22
|   |   |   |   |   |   |   |-9
|   |   |   |   |   |   |   |   |-34
|   |   |   |   |   |   |   |   |   |-46
|   |   |   |   |   |   |   |   |   |   |-66
|   |   |   |   |   |   |   |   |   |   |-26
|   |   |   |   |   |   |   |   |   |-22
|   |   |   |   |   |   |   |   |   |   |-42
|   |   |   |   |   |   |   |   |   |   |-2
|   |   |   |   |   |   |-20
|   |   |   |   |   |   |   |-35
|   |   |   |   |   |   |   |   |-60
|   |   |   |   |   |   |   |   |   |-72
|   |   |   |   |   |   |   |   |   |   |-92
|   |   |   |   |   |   |   |   |   |   |-52
|   |   |   |   |   |   |   |   |   |-48
|   |   |   |   |   |   |   |   |   |   |-68
|   |   |   |   |   |   |   |   |   |   |-28
|   |   |   |   |   |   |   |   |-10
|   |   |   |   |   |   |   |   |   |-22
|   |   |   |   |   |   |   |   |   |   |-42
|   |   |   |   |   |   |   |   |   |   |-2
|   |   |   |   |   |   |   |-5
|   |   |   |   |   |   |   |   |-30
|   |   |   |   |   |   |   |   |   |-42
|   |   |   |   |   |   |   |   |   |   |-62
|   |   |   |   |   |   |   |   |   |   |-22
|   |   |   |   |   |   |   |   |   |-18
|   |   |   |   |   |   |   |   |   |   |-38
|   |   |-28
|   |   |   |-57
|   |   |   |   |-66
|   |   |   |   |   |-78
|   |   |   |   |   |   |-80
|   |   |   |   |   |   |   |-95
|   |   |   |   |   |   |   |   |-70
|   |   |   |   |   |   |   |   |   |-82
|   |   |   |   |   |   |   |   |   |   |-62
|   |   |   |   |   |   |   |   |   |-58
|   |   |   |   |   |   |   |   |   |   |-78
|   |   |   |   |   |   |   |   |   |   |-38
|   |   |   |   |   |   |   |-65
|   |   |   |   |   |   |   |   |-90
|   |   |   |   |   |   |   |   |   |-78
|   |   |   |   |   |   |   |   |   |   |-98
|   |   |   |   |   |   |   |   |   |   |-58
|   |   |   |   |   |   |   |   |-40
|   |   |   |   |   |   |   |   |   |-52
|   |   |   |   |   |   |   |   |   |   |-72
|   |   |   |   |   |   |   |   |   |   |-32
|   |   |   |   |   |   |   |   |   |-28
|   |   |   |   |   |   |   |   |   |   |-48
|   |   |   |   |   |   |   |   |   |   |-8
|   |   |   |   |   |   |-76
|   |   |   |   |   |   |   |-91
|   |   |   |   |   |   |   |   |-66
|   |   |   |   |   |   |   |   |   |-78
|   |   |   |   |   |   |   |   |   |   |-98
|   |   |   |   |   |   |   |   |   |   |-58
|   |   |   |   |   |   |   |   |   |-54
|   |   |   |   |   |   |   |   |   |   |-74
|   |   |   |   |   |   |   |   |   |   |-34
|   |   |   |   |   |   |   |-61
|   |   |   |   |   |   |   |   |-86
|   |   |   |   |   |   |   |   |   |-98
|   |   |   |   |   |   |   |   |   |   |-78
|   |   |   |   |   |   |   |   |   |-74
|   |   |   |   |   |   |   |   |   |   |-94
|   |   |   |   |   |   |   |   |   |   |-54
|   |   |   |   |   |   |   |   |-36
|   |   |   |   |   |   |   |   |   |-48
|   |   |   |   |   |   |   |   |   |   |-68
|   |   |   |   |   |   |   |   |   |   |-28
|   |   |   |   |   |   |   |   |   |-24
|   |   |   |   |   |   |   |   |   |   |-44
|   |   |   |   |   |   |   |   |   |   |-4
|   |   |   |   |   |-54
|   |   |   |   |   |   |-56
|   |   |   |   |   |   |   |-71
|   |   |   |   |   |   |   |   |-96
|   |   |   |   |   |   |   |   |   |-84
|   |   |   |   |   |   |   |   |   |   |-64
|   |   |   |   |   |   |   |   |-46
|   |   |   |   |   |   |   |   |   |-58
|   |   |   |   |   |   |   |   |   |   |-78
|   |   |   |   |   |   |   |   |   |   |-38
|   |   |   |   |   |   |   |   |   |-34
|   |   |   |   |   |   |   |   |   |   |-54
|   |   |   |   |   |   |   |   |   |   |-14
|   |   |   |   |   |   |   |-41
|   |   |   |   |   |   |   |   |-66
|   |   |   |   |   |   |   |   |   |-78
|   |   |   |   |   |   |   |   |   |   |-98
|   |   |   |   |   |   |   |   |   |   |-58
|   |   |   |   |   |   |   |   |   |-54
|   |   |   |   |   |   |   |   |   |   |-74
|   |   |   |   |   |   |   |   |   |   |-34
|   |   |   |   |   |   |   |   |-16
|   |   |   |   |   |   |   |   |   |-28
|   |   |   |   |   |   |   |   |   |   |-48
|   |   |   |   |   |   |   |   |   |   |-8
|   |   |   |   |   |   |   |   |   |-4
|   |   |   |   |   |   |   |   |   |   |-24
|   |   |   |   |   |   |-52
|   |   |   |   |   |   |   |-67
|   |   |   |   |   |   |   |   |-92
|   |   |   |   |   |   |   |   |   |-80
|   |   |   |   |   |   |   |   |   |   |-100
|   |   |   |   |   |   |   |   |   |   |-60
|   |   |   |   |   |   |   |   |-42
|   |   |   |   |   |   |   |   |   |-54
|   |   |   |   |   |   |   |   |   |   |-74
|   |   |   |   |   |   |   |   |   |   |-34
|   |   |   |   |   |   |   |   |   |-30
|   |   |   |   |   |   |   |   |   |   |-50
|   |   |   |   |   |   |   |   |   |   |-10
|   |   |   |   |   |   |   |-37
|   |   |   |   |   |   |   |   |-62
|   |   |   |   |   |   |   |   |   |-74
|   |   |   |   |   |   |   |   |   |   |-94
|   |   |   |   |   |   |   |   |   |   |-54
|   |   |   |   |   |   |   |   |   |-50
|   |   |   |   |   |   |   |   |   |   |-70
|   |   |   |   |   |   |   |   |   |   |-30
|   |   |   |   |   |   |   |   |-12
|   |   |   |   |   |   |   |   |   |-24
|   |   |   |   |   |   |   |   |   |   |-44
|   |   |   |   |   |   |   |   |   |   |-4
|   |   |   |   |   |   |   |   |   |-0
|   |   |   |   |   |   |   |   |   |   |-20
|   |   |   |   |-48
|   |   |   |   |   |-60
|   |   |   |   |   |   |-62
|   |   |   |   |   |   |   |-77
|   |   |   |   |   |   |   |   |-52
|   |   |   |   |   |   |   |   |   |-64
|   |   |   |   |   |   |   |   |   |   |-84
|   |   |   |   |   |   |   |   |   |   |-44
|   |   |   |   |   |   |   |   |   |-40
|   |   |   |   |   |   |   |   |   |   |-60
|   |   |   |   |   |   |   |   |   |   |-20
|   |   |   |   |   |   |   |-47
|   |   |   |   |   |   |   |   |-72
|   |   |   |   |   |   |   |   |   |-84
|   |   |   |   |   |   |   |   |   |   |-64
|   |   |   |   |   |   |   |   |   |-60
|   |   |   |   |   |   |   |   |   |   |-80
|   |   |   |   |   |   |   |   |   |   |-40
|   |   |   |   |   |   |   |   |-22
|   |   |   |   |   |   |   |   |   |-34
|   |   |   |   |   |   |   |   |   |   |-54
|   |   |   |   |   |   |   |   |   |   |-14
|   |   |   |   |   |   |   |   |   |-10
|   |   |   |   |   |   |   |   |   |   |-30
|   |   |   |   |   |   |-58
|   |   |   |   |   |   |   |-73
|   |   |   |   |   |   |   |   |-98
|   |   |   |   |   |   |   |   |   |-86
|   |   |   |   |   |   |   |   |   |   |-66
|   |   |   |   |   |   |   |   |-48
|   |   |   |   |   |   |   |   |   |-60
|   |   |   |   |   |   |   |   |   |   |-80
|   |   |   |   |   |   |   |   |   |   |-40
|   |   |   |   |   |   |   |   |   |-36
|   |   |   |   |   |   |   |   |   |   |-56
|   |   |   |   |   |   |   |   |   |   |-16
|   |   |   |   |   |   |   |-43
|   |   |   |   |   |   |   |   |-68
|   |   |   |   |   |   |   |   |   |-80
|   |   |   |   |   |   |   |   |   |   |-100
|   |   |   |   |   |   |   |   |   |   |-60
|   |   |   |   |   |   |   |   |   |-56
|   |   |   |   |   |   |   |   |   |   |-76
|   |   |   |   |   |   |   |   |   |   |-36
|   |   |   |   |   |   |   |   |-18
|   |   |   |   |   |   |   |   |   |-30
|   |   |   |   |   |   |   |   |   |   |-50
|   |   |   |   |   |   |   |   |   |   |-10
|   |   |   |   |   |   |   |   |   |-6
|   |   |   |   |   |   |   |   |   |   |-26
|   |   |   |   |   |-36
|   |   |   |   |   |   |-38
|   |   |   |   |   |   |   |-53
|   |   |   |   |   |   |   |   |-78
|   |   |   |   |   |   |   |   |   |-90
|   |   |   |   |   |   |   |   |   |   |-70
|   |   |   |   |   |   |   |   |   |-66
|   |   |   |   |   |   |   |   |   |   |-86
|   |   |   |   |   |   |   |   |   |   |-46
|   |   |   |   |   |   |   |   |-28
|   |   |   |   |   |   |   |   |   |-40
|   |   |   |   |   |   |   |   |   |   |-60
|   |   |   |   |   |   |   |   |   |   |-20
|   |   |   |   |   |   |   |   |   |-16
|   |   |   |   |   |   |   |   |   |   |-36
|   |   |   |   |   |   |   |-23
|   |   |   |   |   |   |   |   |-48
|   |   |   |   |   |   |   |   |   |-60
|   |   |   |   |   |   |   |   |   |   |-80
|   |   |   |   |   |   |   |   |   |   |-40
|   |   |   |   |   |   |   |   |   |-36
|   |   |   |   |   |   |   |   |   |   |-56
|   |   |   |   |   |   |   |   |   |   |-16
|   |   |   |   |   |   |-34
|   |   |   |   |   |   |   |-49
|   |   |   |   |   |   |   |   |-74
|   |   |   |   |   |   |   |   |   |-86
|   |   |   |   |   |   |   |   |   |   |-66
|   |   |   |   |   |   |   |   |   |-62
|   |   |   |   |   |   |   |   |   |   |-82
|   |   |   |   |   |   |   |   |   |   |-42
|   |   |   |   |   |   |   |   |-24
|   |   |   |   |   |   |   |   |   |-36
|   |   |   |   |   |   |   |   |   |   |-56
|   |   |   |   |   |   |   |   |   |   |-16
|   |   |   |   |   |   |   |   |   |-12
|   |   |   |   |   |   |   |   |   |   |-32
|   |   |   |   |   |   |   |-19
|   |   |   |   |   |   |   |   |-44
|   |   |   |   |   |   |   |   |   |-56
|   |   |   |   |   |   |   |   |   |   |-76
|   |   |   |   |   |   |   |   |   |   |-36
|   |   |   |   |   |   |   |   |   |-32
|   |   |   |   |   |   |   |   |   |   |-52
|   |   |   |   |   |   |   |   |   |   |-12
